##FastQC	0.10.1
>>Basic Statistics	pass
#Measure	Value	
Filename	SRR949210_1_val_1.fq	
File type	Conventional base calls	
Encoding	Sanger / Illumina 1.9	
Total Sequences	164875896	
Filtered Sequences	0	
Sequence length	20-99	
%GC	28	
>>END_MODULE
>>Per base sequence quality	pass
#Base	Mean	Median	Lower Quartile	Upper Quartile	10th Percentile	90th Percentile
1	31.510263653093354	31.0	31.0	34.0	30.0	34.0
2	31.88684086969268	33.0	31.0	34.0	30.0	34.0
3	31.957889993816924	34.0	31.0	34.0	30.0	34.0
4	35.42104383772386	37.0	35.0	37.0	33.0	37.0
5	35.36821761381057	37.0	35.0	37.0	33.0	37.0
6	35.37444340560248	37.0	35.0	37.0	32.0	37.0
7	35.51171718272269	37.0	35.0	37.0	33.0	37.0
8	35.53961825929971	37.0	35.0	37.0	33.0	37.0
9	37.26005334945989	39.0	37.0	39.0	33.0	39.0
10-14	37.22970216822961	39.2	37.2	39.4	33.0	39.4
15-19	37.906020379109876	40.0	37.4	41.0	32.2	41.0
20-24	37.76820764567378	40.0	37.0	41.0	32.0	41.0
25-29	37.75496425355546	40.0	37.0	41.0	32.0	41.0
30-34	37.46087868605408	39.6	37.0	41.0	31.4	41.0
35-39	37.270879114169645	39.2	36.4	41.0	30.6	41.0
40-44	37.48938441818125	40.0	37.0	41.0	31.0	41.0
45-49	37.290639758894486	39.4	36.2	41.0	31.0	41.0
50-54	36.94933573394044	39.0	35.4	40.4	30.2	41.0
55-59	36.50028945740611	38.6	35.0	40.0	29.8	41.0
60-64	35.94459528114827	37.6	34.0	40.0	29.0	41.0
65-69	35.27384617661812	36.4	33.8	39.4	28.4	41.0
70-74	34.53871736656532	35.4	33.0	38.6	28.0	40.0
75-79	33.339402372369754	34.6	31.4	36.2	26.8	39.2
80-84	33.230178205830256	35.0	32.0	36.0	27.0	38.0
85-89	32.666180825975324	34.0	31.6	35.2	26.6	36.6
90-94	32.152629301319216	34.0	31.0	35.0	26.0	36.0
95-99	31.912220135769	33.2	30.4	34.6	26.6	35.0
>>END_MODULE
>>Per sequence quality scores	pass
#Quality	Count
17	4.0
18	78.0
19	6810.0
20	139740.0
21	362851.0
22	634133.0
23	911522.0
24	1221240.0
25	1580872.0
26	1982209.0
27	2408595.0
28	2897044.0
29	3512905.0
30	4273934.0
31	5265170.0
32	6588026.0
33	8476348.0
34	1.1311371E7
35	1.5713942E7
36	2.3494706E7
37	3.4508706E7
38	3.1807181E7
39	7748734.0
40	29775.0
>>END_MODULE
>>Per base sequence content	fail
#Base	G	A	T	C
1	25.901987146694534	31.571538409188427	41.40351947702669	1.122954967090351
2	26.195409929866187	30.849782802058666	42.116649313714014	0.8381579543611289
3	26.405350154373973	29.384264670574073	43.19215515365679	1.0182300213951634
4	28.24245690985942	28.45213832585175	42.06729147268401	1.238113291604817
5	27.4128427505846	29.93025399015781	41.52229027647116	1.1346129827864389
6	27.52297795539278	30.207794389842018	41.09633457264179	1.1728930821234178
7	26.611697134224404	29.9691585634745	42.303924483864556	1.1152198184365356
8	25.989934329468067	30.152383716425334	42.6366137059733	1.2210682481332897
9	26.693452510487038	29.516313288147344	42.54401929072761	1.246214910637999
10-14	26.874899530492925	29.237611300077482	42.71670287086719	1.1707862985624047
15-19	26.697140515834672	28.60773232340842	43.50914936259865	1.185977798158259
20-24	27.16000006471038	28.159539883235755	43.46236663744	1.2180934146138653
25-29	27.53440826612964	28.094318767144927	43.17417387835466	1.1970990883707755
30-34	27.796811238722384	28.01156995171977	42.98067694622927	1.210941863328567
35-39	27.826850865678658	27.91897357193742	43.040856246839944	1.2133193155439748
40-44	27.86303292407148	27.940813221861326	42.98317204115784	1.2129818129093526
45-49	27.874808752876355	27.88592002729184	43.00939035841958	1.2298808614122194
50-54	27.867043204291342	27.925360811778106	42.98820870554168	1.2193872783888684
55-59	27.901284852131614	27.90775261674117	42.966440560847175	1.2245219702800438
60-64	27.851546296900505	27.884072300032287	43.0441014856402	1.2202799174270156
65-69	27.79044882232694	27.84437934095123	43.14461841228624	1.2205534244355882
70-74	27.836472397594548	27.875990882130075	43.06277031693982	1.2247664033355632
75-79	27.680537747948165	27.874103786509945	43.21699086133184	1.2283676042100555
80-84	27.480862783745643	27.90980899052927	43.38654837859258	1.222779847132506
85-89	27.24703095977905	27.832615446678883	43.718233915546	1.2021196779960648
90-94	26.843017896494846	27.637430071760093	44.33080970430344	1.188742327441616
95-99	25.773481272861865	21.985085336366392	50.93713730470563	1.3042960860661141
>>END_MODULE
>>Per base GC content	pass
#Base	%GC
1	27.024942113784885
2	27.033567884227317
3	27.423580175769136
4	29.48057020146424
5	28.547455733371034
6	28.695871037516195
7	27.72691695266094
8	27.211002577601356
9	27.939667421125037
10-14	28.045685829055326
15-19	27.883118313992927
20-24	28.378093479324246
25-29	28.731507354500412
30-34	29.00775310205095
35-39	29.040170181222635
40-44	29.07601473698083
45-49	29.104689614288574
50-54	29.086430482680214
55-59	29.125806822411654
60-64	29.07182621432752
65-69	29.01100224676253
70-74	29.061238800930113
75-79	28.90890535215822
80-84	28.703642630878146
85-89	28.449150637775112
90-94	28.031760223936462
95-99	27.077777358927978
>>END_MODULE
>>Per sequence GC content	warn
#GC Content	Count
0	223560.0
1	225565.0
2	209508.0
3	192854.5
4	203544.5
5	223267.5
6	243426.0
7	265580.0
8	293768.0
9	328795.5
10	373021.5
11	432576.0
12	515932.0
13	651095.5
14	868598.5
15	1212369.5
16	1752592.0
17	2523312.5
18	3543475.5
19	4769948.5
20	6050708.5
21	7285119.5
22	8393679.0
23	9293659.0
24	9935872.5
25	1.02633185E7
26	1.029446E7
27	1.00798185E7
28	9654983.0
29	9088543.5
30	8437658.5
31	7778458.0
32	7173660.0
33	6641343.5
34	6112377.0
35	5536687.5
36	4935162.5
37	4311655.5
38	3696820.5
39	3130286.0
40	2643865.5
41	2221940.0
42	1861386.5
43	1564179.0
44	1315406.5
45	1104188.0
46	920997.0
47	769419.5
48	651922.0
49	598344.0
50	525228.0
51	405309.0
52	344142.0
53	286071.5
54	219254.5
55	183261.5
56	154946.5
57	132142.0
58	113626.5
59	98367.5
60	84612.5
61	72595.0
62	63023.0
63	53331.0
64	43983.0
65	37097.5
66	30962.5
67	25973.0
68	22136.5
69	18204.0
70	14845.0
71	12495.0
72	10739.5
73	8810.5
74	7035.0
75	5796.5
76	4904.5
77	4238.5
78	3520.5
79	2828.5
80	2229.0
81	1766.0
82	1556.5
83	1290.0
84	1001.5
85	797.0
86	637.5
87	531.0
88	399.5
89	279.5
90	208.0
91	162.0
92	139.5
93	104.5
94	77.0
95	78.0
96	77.0
97	70.5
98	58.0
99	105.5
100	163.0
>>END_MODULE
>>Per base N content	pass
#Base	N-Count
1	0.0056745711331873516
2	0.003505060557790691
3	0.0052936785859832415
4	0.006974943141476544
5	0.005790415841015354
6	0.007548708029462353
7	0.0031362983464848005
8	0.0021961973143727453
9	0.0
10-14	0.0
15-19	3.6876221130589036E-5
20-24	0.008531707576510358
25-29	0.01707587196613154
30-34	0.002294700609680565
35-39	0.002715318212429632
40-44	0.0014021815211949975
45-49	0.0018111586363368667
50-54	0.0021022295202644337
55-59	0.012247304391381261
60-64	4.316298436244792E-4
65-69	9.243811563036524E-4
70-74	0.0
75-79	0.0
80-84	2.2345125918795907E-4
85-89	1.9061990178156815E-4
90-94	2.419234750552344E-4
95-99	0.0
>>END_MODULE
>>Sequence Length Distribution	warn
#Length	Count
20-21	326815.0
22-23	283391.0
24-25	281627.0
26-27	288850.0
28-29	297598.0
30-31	307723.0
32-33	310811.0
34-35	314461.0
36-37	327160.0
38-39	324927.0
40-41	343955.0
42-43	366202.0
44-45	395915.0
46-47	419080.0
48-49	444484.0
50-51	471182.0
52-53	499873.0
54-55	521835.0
56-57	545964.0
58-59	576204.0
60-61	604349.0
62-63	631729.0
64-65	660777.0
66-67	692979.0
68-69	740483.0
70-71	798229.0
72-73	835996.0
74-75	869797.0
76-77	697533.0
78-79	927750.0
80-81	1145537.0
82-83	1330913.0
84-85	1601791.0
86-87	1937172.0
88-89	2240461.0
90-91	2778805.0
92-93	3821209.0
94-95	7389250.0
96-97	2.4149948E7
98-99	1.03373131E8
>>END_MODULE
>>Sequence Duplication Levels	warn
#Total Duplicate Percentage	27.2889842632332
#Duplication Level	Relative count
1	100.0
2	7.142040059941203
3	2.029307130028941
4	0.8499296491609376
5	0.41924524416888775
6	0.2608128667680939
7	0.1898900696644894
8	0.14413342637184137
9	0.12239902080783353
10++	3.233850764707901
>>END_MODULE
>>Overrepresented sequences	pass
>>END_MODULE
>>Kmer Content	fail
#Sequence	Count	Obs/Exp Overall	Obs/Exp Max	Max Obs/Exp Position
CCCCC	12560	3343.677	4713.42	95
CCCCT	34275	253.69081	2509.8726	90-94
GCCCC	17345	203.21965	4151.974	85-89
CCACC	17585	201.5274	3864.2488	75-79
CCCAC	17345	198.77698	3792.9822	75-79
CACCC	17335	198.66235	3394.7922	75-79
ACCCC	16870	193.33336	3833.7588	80-84
CGCGC	235255	121.30729	272.79187	50-54
CACGC	96890	48.868317	453.00314	25-29
GCGCG	1599225	36.292286	49.51686	3
CGCCG	65165	33.60179	464.92804	40-44
CGCGG	1380405	31.326456	43.0916	4
TCGCG	1892100	27.125935	43.79192	50-54
CGCGT	1876710	26.9053	42.928913	95
CGGCG	1179225	26.760942	47.669186	40-44
ACGCC	49490	24.961224	454.67163	40-44
CGCAC	48700	24.562773	2169.0122	9
CGTCG	1570130	22.51004	34.378735	10-14
ACCAC	44375	21.892088	517.221	90-94
GGCGC	955440	21.68244	45.89944	45-49
CGGGC	911260	20.679834	39.94592	8
ACGCG	905055	20.09001	27.51189	45-49
CGCGA	873480	19.389122	29.146261	45-49
CGCTC	58720	19.128021	325.83807	15-19
CTCGC	46290	15.078953	278.10138	50-54
CGTTC	1580015	14.3099375	21.88823	95
CCACT	42440	13.522583	317.8337	90-94
CGACG	564430	12.528967	30.734894	60-64
ATCGC	701965	9.8436575	18.031366	95
GCGGC	425785	9.662624	16.076633	45-49
CGGTC	655205	9.393293	14.016026	45-49
CGAAC	432290	9.3860035	22.591183	55-59
TCGTC	1017290	9.2134285	16.068972	15-19
TCGAA	15074430	9.09995	10.82057	9
GCACC	17565	8.859242	168.19138	70-74
CCGGC	17145	8.840676	166.73677	70-74
ACCCA	17735	8.749434	164.88882	75-79
CAACC	17240	8.50523	169.17812	80-84
CGAAT	13986960	8.44348	12.825023	95
AACCC	17065	8.418897	168.779	80-84
CCCTA	24935	7.944997	193.07458	7
CCTAC	24895	7.932251	180.12297	8
GACGC	348305	7.7315187	33.151917	40-44
CGTAC	522495	7.326949	26.784609	55-59
CCGAC	14170	7.1469097	1431.0272	95
GCGTC	496840	7.122906	19.637407	30-34
GTCGC	492105	7.055023	19.040688	10-14
TCGGC	475410	6.8156757	7.810797	3
ATCGA	11155740	6.7343626	7.7713027	8
TTCGC	742500	6.7247005	9.051523	90-94
ACGGC	302690	6.7189784	25.715672	40-44
TTTCG	25166770	6.3371873	7.2865543	95
ACGGA	6631210	6.3365817	8.198406	4
AACGC	289335	6.282124	8.313102	95
ACGTC	443265	6.2159066	62.072758	2
ACGAC	276545	6.004424	22.500645	35-39
AGGCG	6119610	5.978408	11.06232	95
CGGAA	6242850	5.965477	6.8651752	5
CGAGC	268035	5.949722	25.091923	70-74
TACGC	420015	5.8898716	17.278618	20-24
GCTCC	17990	5.8602366	101.5586	65-69
CACCT	18280	5.8245244	111.18063	75-79
CTGCC	17795	5.7967143	117.52709	85-89
TGCCC	17770	5.788572	118.79452	85-89
ACCTC	18055	5.7528334	97.632515	80-84
CCATC	17965	5.724157	105.054146	65-69
TTCGG	14340605	5.716111	6.541779	50-54
CTCCA	17765	5.660432	104.62624	65-69
ATTCG	14475990	5.643933	6.2303476	95
TTCGA	14422165	5.6229477	6.1524944	8
CCTCA	17635	5.619009	107.87909	80-84
CGTTT	22095175	5.563736	9.855378	95
CGTCC	17065	5.558918	94.437515	50-54
GGCGG	5553035	5.546153	9.677176	95
TCGGG	8743390	5.516672	6.4753184	3
AACGG	5644930	5.3941216	6.1680107	3
AATCG	8823030	5.3261805	6.667083	7
TCGCC	16095	5.24294	119.70149	90-94
TCGTT	19481475	4.905586	7.922142	95
CGGGG	4881135	4.875086	6.233357	95
GAACG	5022365	4.7992177	7.406104	95
TCGAG	7740375	4.777049	5.680239	70-74
CGGGA	4819540	4.708336	5.546308	55-59
TTCGT	18601750	4.6840644	7.9801	95
CGGAC	210255	4.667147	5.9378138	4
GCGAC	205145	4.5537176	22.84336	60-64
GGGCG	4552640	4.546998	6.725198	1
GGCGT	7200635	4.5432653	6.0558186	2
AGCGC	202345	4.491564	5.0457153	1
TGCGC	307835	4.4132514	66.047295	7
CGGAG	4455830	4.353018	5.8218904	8
TATCG	11023725	4.2979555	5.9159527	9
CGATC	300460	4.2133517	28.983244	80-84
GCGGG	4209355	4.2041383	6.527342	95
AGACG	4178730	3.993066	5.886999	6
CGGTT	9969825	3.9739351	5.4102535	95
CGTGC	273690	3.9237344	4.6155877	8
CCCTT	18865	3.8821886	85.21023	90-94
GACGG	3923635	3.8331022	5.804572	7
TTACG	9774625	3.8109536	4.826028	95
TCGGT	9488870	3.782228	5.7406206	95
CGAGA	3915085	3.7411356	5.1822863	80-84
TACGT	9578225	3.734381	5.7846756	95
CCTTC	18005	3.7052107	84.59702	90-94
ACGGG	3726290	3.640311	4.7317286	95
CGGGT	5754925	3.6310897	4.716574	1
GAATC	5944915	3.5887547	5.6880603	95
CGAGG	3626175	3.542506	4.9695582	95
GTCGG	5612260	3.5410748	4.4035363	95
GCGTT	8785630	3.5019193	5.7803173	95
GGTCG	5508425	3.4755597	4.7275004	95
GTTCG	8632600	3.4409223	4.7402573	95
AGTCG	5520200	3.406846	4.7614202	95
AGCGA	3537620	3.3804412	4.3952565	85-89
ATCGT	8575115	3.343286	5.184982	95
GCGTG	5270270	3.325295	4.9191823	25-29
ACGTT	8418505	3.282227	5.582765	95
CGAGT	5286175	3.2624156	4.299757	95
TCGAC	229660	3.2205229	4.593188	95
AAGCG	3366565	3.2169862	4.1168	80-84
ACGCA	147720	3.2073388	19.591175	25-29
AAACG	3428520	3.2045667	4.4495335	95
GAGCG	3256195	3.1810625	4.4139013	95
GCGGA	3233835	3.1592188	3.979713	75-79
GCGGT	4934690	3.1135597	3.7179058	95
TACGG	4988995	3.0790076	3.773214	95
CGTCA	219080	3.0721598	58.33987	3
CGATT	7541685	2.9403703	5.0076623	95
CGCAT	200020	2.804881	24.54016	30-34
TCGAT	6916285	2.6965375	7.2567306	95
CATAC	196440	2.6944573	12.587367	40-44
ACACG	106735	2.3174608	19.575502	25-29
ACTGC	163675	2.2952151	13.140103	60-64
GCGCA	102920	2.2845724	95.5704	8
CTTCC	9045	1.8613514	22.016104	20-24
CATCG	130135	1.8248833	25.934385	55-59
TCCCT	8680	1.786239	124.97909	6
TTCCC	8385	1.7255315	125.441086	5
TCCCC	230	1.7023745	28.019674	85-89
TACAC	105310	1.4444782	23.847046	25-29
CTGCG	98430	1.4111335	13.64987	80-84
CACGT	100430	1.4083301	58.39689	1
CAGAC	64625	1.4031564	19.783695	85-89
CATGC	99440	1.3944474	24.779835	20-24
CGACT	99255	1.3918532	12.741838	65-69
ACTCG	98475	1.3809152	12.950305	70-74
CGTCT	150775	1.3655446	8.800936	85-89
CTGCA	96635	1.3551128	12.846689	75-79
GACTC	95720	1.3422818	13.780142	85-89
CACAT	97090	1.331729	11.813052	15-19
CCCCA	115	1.3179218	10.235769	2
GCACA	48515	1.0533715	18.678402	10-14
CGACA	48130	1.0450122	18.706774	60-64
TCATC	109085	0.9663667	8.2362	50-54
CCCTC	125	0.9252035	10.228472	75-79
TCTGC	99915	0.9049137	8.44551	75-79
ATACC	65020	0.89184284	14.604303	90-94
ATCTC	99765	0.8838023	39.814606	3
CATCA	63910	0.8766176	16.551481	65-69
TACCA	63555	0.87174827	14.377057	90-94
AACAC	39575	0.8404789	7.299507	15-19
ACTCT	94340	0.83574307	8.615055	85-89
TCTCA	94150	0.8340599	39.790844	4
CTCTG	91970	0.83295727	9.683026	90-94
GCCGT	55170	0.7909402	12.9710865	40-44
GCTCG	54305	0.77853924	12.941787	15-19
ACGCT	54300	0.76144904	14.095005	90-94
TCACG	53955	0.75661105	58.276222	5
CTCCC	100	0.7401628	10.89654	85-89
CTCGA	52135	0.7310893	12.888958	70-74
CCGTA	52010	0.7293363	12.7068815	45-49
CAGTC	50720	0.7112467	12.295174	35-39
CTGAC	50315	0.7055674	12.610729	35-39
CAATC	51280	0.703379	12.437275	50-54
CCGCC	60	0.7029793	8.095521	75-79
ATCAC	50900	0.6981667	11.835128	15-19
AACTC	49540	0.6795125	12.621855	70-74
GTCAC	48180	0.6756283	58.258415	4
CTTCG	74250	0.6724701	8.549111	65-69
TCACA	48770	0.66895074	11.811826	15-19
ACATC	48130	0.6601722	11.960646	65-69
CCCGC	55	0.64439785	12.721535	75-79
CTCAG	43405	0.6086685	12.739075	85-89
CGCTA	42710	0.5989225	15.900174	90-94
CTCGT	59350	0.53752327	8.212238	15-19
TCGCT	58095	0.5261569	8.196529	10-14
TCAAC	37700	0.51710975	9.491951	80-84
CAGCA	23110	0.5017709	7.421908	70-74
CACTG	35145	0.4928384	108.17267	95
CCGAA	21875	0.47495618	7.364869	50-54
CTGCT	51295	0.4645704	8.485751	60-64
CTGTC	51140	0.4631666	8.544767	65-69
CGGCA	20805	0.46182016	7.4626193	70-74
CTCAT	50940	0.45126942	39.786224	5
CTATC	50195	0.4446695	7.989359	80-84
GCCGA	19985	0.44361815	7.566818	90-94
GGACC	19325	0.4289677	7.3773756	15-19
TACTC	48275	0.42766055	7.5877523	50-54
ACAAC	19550	0.41519552	7.0974216	30-34
ACACA	19405	0.41211605	7.17195	25-29
AGCAC	18960	0.41166493	7.4197965	70-74
AGTGC	665995	0.41102538	5.4416227	95
CCAGA	18805	0.40829948	7.2338777	20-24
ACCAG	18785	0.4078653	7.2436304	20-24
GACCA	18745	0.40699673	7.2221756	20-24
CACAA	18910	0.40160343	7.1087184	25-29
TCTTC	64870	0.37115583	5.4046264	65-69
CACTC	1155	0.36801568	13.517856	1
CCCCG	20	0.23432648	5.2316957	8
CCAAC	235	0.115935564	8.734745	95
CTACA	7960	0.10918286	7.9743366	9
>>END_MODULE
